# 081218-50fmolMix-5e-1ugBrain.raw
# index          id  event analyzer msLevel          rt  mzLow mzHigh  basePeakMZ   basePeakInt           TIC  charge precursorMZ  thermo_monoMZ filterStringMZ ionInjectionTime
      0    0.1.5231      2  IonTrap     ms2     1237.03    211    799    686.1906       1522.04      14030.95       0    750.3800         0.0000       750.3800         100.0000
      1    0.1.5243      2  IonTrap     ms2     1240.08    215    800    686.2038       1731.90      17178.97       1    750.3800         0.0000       750.3800         100.0000
      2    0.1.5255      2  IonTrap     ms2     1243.12    219    799    686.2936       1240.36      14865.86       1    750.3800         0.0000       750.3800         100.0000
      3    0.1.5267      2  IonTrap     ms2     1246.17    211    799    718.2735       1046.46      20256.66       0    750.3800         0.0000       750.3800         100.0000
      4    0.1.5278      2  IonTrap     ms2     1248.93    221    799    670.1168       2310.99      29930.04       1    750.3800         0.0000       750.3800         100.0000
      5    0.1.5289      2  IonTrap     ms2     1251.69    216    799    705.6944       4088.76      45205.99       2    750.3800         0.0000       750.3800         100.0000
      6    0.1.5300      2  IonTrap     ms2     1254.46    199    799    670.0771       6238.56      65174.02       2    750.3800         0.0000       750.3800         100.0000
      7    0.1.5311      2  IonTrap     ms2     1257.22    213    799    670.1234       6473.00      67045.92       2    750.3800         0.0000       750.3800         100.0000
      8    0.1.5322      2  IonTrap     ms2     1259.99    211    799    670.0990       8168.56      77556.95       2    750.3800         0.0000       750.3800         100.0000
      9    0.1.5333      2  IonTrap     ms2     1262.75    213    799    670.1153       6430.32      69926.89       0    750.3800         0.0000       750.3800         100.0000
     10    0.1.5343      2  IonTrap     ms2     1265.25    215    799    670.1161       4656.40      51504.04       2    750.3800         0.0000       750.3800         100.0000
     11    0.1.5353      2  IonTrap     ms2     1267.73    211    799    670.1038       3534.07      45427.89       0    750.3800         0.0000       750.3800         100.0000
     12    0.1.5363      2  IonTrap     ms2     1270.22    217    799    717.6631       6377.72      52325.89       2    750.3800         0.0000       750.3800         100.0000
     13    0.1.5373      2  IonTrap     ms2     1272.71    217    799    717.9489       5717.10      34421.19       2    750.3800         0.0000       750.3800         100.0000
     14    0.1.5383      2  IonTrap     ms2     1275.21    217    799    717.9642       7131.29      34492.62       2    750.3800         0.0000       750.3800         100.0000
     15    0.1.5393      2  IonTrap     ms2     1277.70    212    799    717.7288       4384.27      31175.33       2    750.3800         0.0000       750.3800         100.0000
     16    0.1.5403      2  IonTrap     ms2     1280.17    215    800    717.8723       6618.46      33715.07       2    750.3800         0.0000       750.3800         100.0000
     17    0.1.5413      2  IonTrap     ms2     1282.63    212    800    717.9601       5522.95      36984.63       2    750.3800         0.0000       750.3800         100.0000
     18    0.1.5423      2  IonTrap     ms2     1285.03    211    799    717.7481       2279.70      36620.94       2    750.3800         0.0000       750.3800         100.0000
     19    0.1.5433      2  IonTrap     ms2     1287.41    211    799    738.2416       1309.26      28367.27       0    750.3800         0.0000       750.3800         100.0000
     20    0.1.5443      2  IonTrap     ms2     1289.78    210    800    718.4152       1756.80      24970.36       0    750.3800         0.0000       750.3800         100.0000
     21    0.1.5454      2  IonTrap     ms2     1292.43    212    799    738.3350        977.55      19572.83       0    750.3800         0.0000       750.3800         100.0000
     22    0.1.5465      2  IonTrap     ms2     1295.09    215    798    738.3211       1024.41      19579.63       0    750.3800         0.0000       750.3800         100.0000
     23    0.1.5476      2  IonTrap     ms2     1297.76    221    798    725.8790       1471.38      21815.86       0    750.3800         0.0000       750.3800         100.0000
     24    0.1.5487      2  IonTrap     ms2     1300.43    210    800    725.7250       1791.37      27422.79       0    750.3800         0.0000       750.3800         100.0000
     25    0.1.5498      2  IonTrap     ms2     1303.13    214    800    725.8867       1620.17      30783.40       1    750.3800         0.0000       750.3800         100.0000
     26    0.1.5509      2  IonTrap     ms2     1305.79    210    799    725.8112       1030.70      27936.81       3    750.3800         0.0000       750.3800         100.0000
     27    0.1.5520      2  IonTrap     ms2     1308.49    213    798    717.9446        886.74      25957.91       2    750.3800         0.0000       750.3800         100.0000
     28    0.1.5531      2  IonTrap     ms2     1311.21    217    799    729.2021       1011.44      30016.96       0    750.3800         0.0000       750.3800         100.0000
     29    0.1.5542      2  IonTrap     ms2     1313.92    212    799    729.0679       1552.33      38338.68       0    750.3800         0.0000       750.3800         100.0000
     30    0.1.5553      2  IonTrap     ms2     1316.64    200    800    729.0904       1458.56      41339.36       1    750.3800         0.0000       750.3800         100.0000
     31    0.1.5564      2  IonTrap     ms2     1319.37    212    800    728.9531       1518.28      49744.57       1    750.3800         0.0000       750.3800         100.0000
     32    0.1.5575      2  IonTrap     ms2     1322.15    215    799    727.5830       1659.31      61876.05       0    750.3800         0.0000       750.3800         100.0000
     33    0.1.5579      5  IonTrap     ms3     1323.24    238    864    618.2149        131.04        349.16       1    636.3300         0.0000       750.3800         100.0000
     34    0.1.5585      2  IonTrap     ms2     1324.75    213    800    727.9646       1290.17      64913.12       0    750.3800         0.0000       750.3800         100.0000
     35    0.1.5589      5  IonTrap     ms3     1325.76    236    991    618.2369         97.66        472.57       1    636.3300         0.0000       750.3800         100.0000
     36    0.1.5595      2  IonTrap     ms2     1327.27    213    800    741.0768       1411.18      63241.34       2    750.3800         0.0000       750.3800         100.0000
     37    0.1.5599      5  IonTrap     ms3     1328.28    226    797    618.1263         78.05        371.42       0    636.3300         0.0000       750.3800         100.0000
     38    0.1.5605      2  IonTrap     ms2     1329.79    200    800    741.1870       1432.76      58176.95       2    750.3800         0.0000       750.3800         100.0000
     39    0.1.5609      5  IonTrap     ms3     1330.80    199    752    618.3046         87.08        431.83       1    636.3300         0.0000       750.3800         100.0000
     40    0.1.5615      2  IonTrap     ms2     1332.31    213    800    732.2843       1183.66      52223.81       1    750.3800         0.0000       750.3800         100.0000
     41    0.1.5619      5  IonTrap     ms3     1333.32    217    842    618.2797        136.68        471.25       1    636.3300         0.0000       750.3800         100.0000
     42    0.1.5625      2  IonTrap     ms2     1334.84    212    799    732.1983        948.93      47858.11       1    750.3800         0.0000       750.3800         100.0000
     43    0.1.5629      5  IonTrap     ms3     1335.85    202    645    618.1544        126.52        428.19       0    636.3300         0.0000       750.3800         100.0000
     44    0.1.5635      2  IonTrap     ms2     1337.35    211    800    732.2600        971.78      36805.10       1    750.3800         0.0000       750.3800         100.0000
     45    0.1.5639      5  IonTrap     ms3     1338.38    308    928    618.2338        163.28        536.59       1    636.3300         0.0000       750.3800         100.0000
     46    0.1.5645      2  IonTrap     ms2     1339.88    197    800    670.8744       1162.33      38683.58       2    750.3800         0.0000       750.3800         100.0000
     47    0.1.5649      5  IonTrap     ms3     1340.90    188    620    619.2766         91.10        465.49       1    636.3300         0.0000       750.3800         100.0000
     48    0.1.5655      2  IonTrap     ms2     1342.40    213    800    732.2934       1223.36      36912.47       1    750.3800         0.0000       750.3800         100.0000
     49    0.1.5659      5  IonTrap     ms3     1343.42    204    861    619.2988         81.39        501.17       0    636.3300         0.0000       750.3800         100.0000
     50    0.1.5665      2  IonTrap     ms2     1344.92    214    799    732.1899       1047.51      31716.72       1    750.3800         0.0000       750.3800         100.0000
     51    0.1.5669      5  IonTrap     ms3     1345.94    215    627    618.2968        124.33        569.25       1    636.3300         0.0000       750.3800         100.0000
     52    0.1.5675      2  IonTrap     ms2     1347.45    211    800    732.2386       1284.47      32991.72       1    750.3800         0.0000       750.3800         100.0000
     53    0.1.5679      5  IonTrap     ms3     1348.46    242    629    618.1717        386.00       1344.92       1    636.3300         0.0000       750.3800         100.0000
     54    0.1.5685      2  IonTrap     ms2     1349.97    195    800    618.2288       2008.94      41361.66       1    750.3800         0.0000       750.3800         100.0000
     55    0.1.5689      5  IonTrap     ms3     1350.98    202    887    618.2562        702.07       2055.55       1    636.3300         0.0000       750.3800         100.0000
     56    0.1.5695      2  IonTrap     ms2     1352.48    214    800    636.2551       4032.96      53262.67       1    750.3800         0.0000       750.3800         100.0000
     57    0.1.5699      5  IonTrap     ms3     1353.50    186    958    618.2274       2109.22       5504.97       1    636.3300         0.0000       750.3800         100.0000
     58    0.1.5705      2  IonTrap     ms2     1355.01    210    799    618.2004       8062.59      72653.85       1    750.3800         0.0000       750.3800         100.0000
     59    0.1.5709      5  IonTrap     ms3     1356.03    194    974    618.2489       3216.81       8654.51       1    636.3300         0.0000       750.3800         100.0000
     60    0.1.5715      2  IonTrap     ms2     1357.53    196    800    618.1815      12740.36      97619.15       1    750.3800         0.0000       750.3800         100.0000
     61    0.1.5719      5  IonTrap     ms3     1358.55    185    859    618.1899       5661.17      15421.09       1    636.3300         0.0000       750.3800         100.0000
     62    0.1.5725      2  IonTrap     ms2     1360.05    211    800    636.2241      22427.22     153263.56       1    750.3800         0.0000       750.3800         100.0000
     63    0.1.5729      5  IonTrap     ms3     1361.07    199    971    618.2532      10073.56      26402.27       1    636.3300         0.0000       750.3800         100.0000
     64    0.1.5735      2  IonTrap     ms2     1362.52    211    800    618.2050      41832.97     251651.16       1    750.3800         0.0000       750.3800         100.0000
     65    0.1.5739      5  IonTrap     ms3     1363.53    181    743    618.2282      14818.12      39038.25       1    636.3300         0.0000       750.3800         100.0000
     66    0.1.5745      2  IonTrap     ms2     1364.96    211    800    618.2068      52588.61     309845.13       1    750.3800         0.0000       750.3800         100.0000
     67    0.1.5749      5  IonTrap     ms3     1365.97    185    995    618.2029      19678.97      53217.74       1    636.3300         0.0000       750.3800         100.0000
     68    0.1.5755      2  IonTrap     ms2     1367.40    210    799    618.2299      78316.30     445604.84       1    750.3800         0.0000       750.3800         100.0000
     69    0.1.5759      5  IonTrap     ms3     1368.41    184    863    618.2209      29932.93      78182.70       1    636.3300         0.0000       750.3800          79.5368
     70    0.1.5766      2  IonTrap     ms2     1370.10    210    800    618.2681     119722.08     657436.13       1    750.3800         0.0000       750.3800          78.5342
     71    0.1.5770      5  IonTrap     ms3     1371.09    182    981    618.2808      37360.29      99175.38       1    636.3300         0.0000       750.3800          72.3122
     72    0.1.5777      2  IonTrap     ms2     1372.81    211    800    618.2529     134905.17     720564.50       1    750.3800         0.0000       750.3800          59.5226
     73    0.1.5781      5  IonTrap     ms3     1373.78    182    947    618.2268      51072.39     138022.58       1    636.3300         0.0000       750.3800          63.8870
     74    0.1.5788      2  IonTrap     ms2     1375.53    197    799    618.2872     147542.14     793686.94       1    750.3800         0.0000       750.3800          59.2967
     75    0.1.5792      5  IonTrap     ms3     1376.51    182    892    618.2180      51479.10     137238.31       1    636.3300         0.0000       750.3800          56.7124
     76    0.1.5799      2  IonTrap     ms2     1378.25    195    799    618.3018     169230.17     912932.00       1    750.3800         0.0000       750.3800          53.2020
     77    0.1.5803      5  IonTrap     ms3     1379.21    181    915    618.2056      50125.38     135970.16       1    636.3300         0.0000       750.3800          54.7828
     78    0.1.5810      2  IonTrap     ms2     1380.96    207    799    618.2413     152233.97     815707.63       1    750.3800         0.0000       750.3800          64.1454
     79    0.1.5814      5  IonTrap     ms3     1381.95    182    664    618.2325      47437.56     125600.03       1    636.3300         0.0000       750.3800          57.5751
     80    0.1.5821      2  IonTrap     ms2     1383.69    211    799    618.3065     163818.06     903000.00       1    750.3800         0.0000       750.3800          58.4857
     81    0.1.5825      5  IonTrap     ms3     1384.66    182    970    618.2502      45984.63     124300.12       1    636.3300         0.0000       750.3800          57.4292
     82    0.1.5832      2  IonTrap     ms2     1386.40    210    799    618.2535     127013.34     713236.31       1    750.3800         0.0000       750.3800          64.2088
     83    0.1.5835      5  IonTrap     ms3     1387.12    182    942    618.2593      38122.66     104088.55       1    636.3300         0.0000       750.3800          66.8171
     84    0.1.5842      2  IonTrap     ms2     1388.87    210    799    618.3005     107283.97     615931.50       1    750.3800         0.0000       750.3800          80.2866
     85    0.1.5845      5  IonTrap     ms3     1389.59    185    999    618.2303      28920.01      77893.36       1    636.3300         0.0000       750.3800          82.0321
     86    0.1.5852      2  IonTrap     ms2     1391.36    211    799    618.2740      85923.74     506075.09       1    750.3800         0.0000       750.3800          84.2813
     87    0.1.5855      5  IonTrap     ms3     1392.09    184    968    618.2670      22842.71      61996.35       1    636.3300         0.0000       750.3800          98.2588
     88    0.1.5862      2  IonTrap     ms2     1393.89    209    800    618.2491      77962.42     472919.81       1    750.3800         0.0000       750.3800         100.0000
     89    0.1.5865      5  IonTrap     ms3     1394.64    185    996    618.2615      18807.17      51522.59       1    636.3300         0.0000       750.3800         100.0000
     90    0.1.5872      2  IonTrap     ms2     1396.42    211    799    618.2421      49122.87     305902.03       1    750.3800         0.0000       750.3800         100.0000
     91    0.1.5875      5  IonTrap     ms3     1397.17    187    987    618.2354      16385.30      42909.52       1    636.3300         0.0000       750.3800         100.0000
     92    0.1.5882      2  IonTrap     ms2     1398.94    211    800    618.2672      35602.92     234950.25       1    750.3800         0.0000       750.3800         100.0000
     93    0.1.5885      5  IonTrap     ms3     1399.69    185    862    618.1661      13001.07      33547.66       1    636.3300         0.0000       750.3800         100.0000
     94    0.1.5892      2  IonTrap     ms2     1401.42    211    799    618.1880      24035.63     171022.61       1    750.3800         0.0000       750.3800         100.0000
     95    0.1.5895      5  IonTrap     ms3     1402.17    185    763    618.2162       6676.50      17001.53       1    636.3300         0.0000       750.3800         100.0000
     96    0.1.5902      2  IonTrap     ms2     1403.88    211    799    636.2275      15061.34     127139.41       1    750.3800         0.0000       750.3800         100.0000
     97    0.1.5905      5  IonTrap     ms3     1404.62    202    914    618.2542       4224.18      11474.74       1    636.3300         0.0000       750.3800         100.0000
     98    0.1.5912      2  IonTrap     ms2     1406.34    211    800    636.2657       9614.27      89804.34       1    750.3800         0.0000       750.3800         100.0000
     99    0.1.5915      5  IonTrap     ms3     1407.09    185    818    618.2425       2261.13       6371.33       1    636.3300         0.0000       750.3800         100.0000
    100    0.1.5922      2  IonTrap     ms2     1408.79    212    799    618.1579       7134.12      81291.45       1    750.3800         0.0000       750.3800         100.0000
    101    0.1.5925      5  IonTrap     ms3     1409.53    186    879    618.2171       1973.22       5180.18       1    636.3300         0.0000       750.3800         100.0000
    102    0.1.5933      2  IonTrap     ms2     1411.52    215    799    717.9883       4651.05      64621.79       1    750.3800         0.0000       750.3800         100.0000
    103    0.1.5936      5  IonTrap     ms3     1412.27    193    958    618.1783       1066.08       2814.68       1    636.3300         0.0000       750.3800         100.0000
    104    0.1.5944      2  IonTrap     ms2     1414.26    211    799    717.8989       5017.83      57087.26       2    750.3800         0.0000       750.3800         100.0000
    105    0.1.5947      5  IonTrap     ms3     1415.02    247    980    618.1863        539.45       1597.54       1    636.3300         0.0000       750.3800         100.0000
    106    0.1.5955      2  IonTrap     ms2     1417.03    213    799    718.0258       4091.45      49185.02       2    750.3800         0.0000       750.3800         100.0000
    107    0.1.5958      5  IonTrap     ms3     1417.77    220    879    618.2999        185.21       1266.64       1    636.3300         0.0000       750.3800         100.0000
    108    0.1.5966      2  IonTrap     ms2     1419.79    214    799    717.9579       5047.35      49560.37       2    750.3800         0.0000       750.3800         100.0000
    109    0.1.5969      5  IonTrap     ms3     1420.53    203    970    618.2247        212.98       1204.16       1    636.3300         0.0000       750.3800         100.0000
    110    0.1.5977      2  IonTrap     ms2     1422.56    210    800    717.9511       5008.04      49123.66       2    750.3800         0.0000       750.3800         100.0000
    111    0.1.5980      5  IonTrap     ms3     1423.31    209    932    618.2704        137.53       1142.33       0    636.3300         0.0000       750.3800         100.0000
    112    0.1.5988      2  IonTrap     ms2     1425.35    210    800    717.6433       2541.10      49933.90       2    750.3800         0.0000       750.3800         100.0000
    113    0.1.5991      5  IonTrap     ms3     1426.10    213    968    619.2964         79.13        688.80       0    636.3300         0.0000       750.3800         100.0000
    114    0.1.5999      2  IonTrap     ms2     1428.13    199    800    718.0266       3731.43      45788.86       2    750.3800         0.0000       750.3800         100.0000
    115    0.1.6002      5  IonTrap     ms3     1428.85    175    927    617.2614         72.17        682.35       1    636.3300         0.0000       750.3800         100.0000
    116    0.1.6010      2  IonTrap     ms2     1430.87    215    800    717.7521       2598.15      45220.43       2    750.3800         0.0000       750.3800         100.0000
    117    0.1.6013      5  IonTrap     ms3     1431.57    235    782    603.0954        113.48        852.35       0    636.3300         0.0000       750.3800         100.0000
    118    0.1.6021      2  IonTrap     ms2     1433.51    212    800    718.0304       3488.45      42092.78       2    750.3800         0.0000       750.3800         100.0000
    119    0.1.6024      5  IonTrap     ms3     1434.19    203    900    603.2654         91.24        610.37       0    636.3300         0.0000       750.3800         100.0000
    120    0.1.6032      2  IonTrap     ms2     1436.13    214    799    717.9838       2885.52      44816.58       2    750.3800         0.0000       750.3800         100.0000
    121    0.1.6035      5  IonTrap     ms3     1436.80    213    985    603.0092         87.34        570.22       0    636.3300         0.0000       750.3800         100.0000
    122    0.1.6043      2  IonTrap     ms2     1438.72    212    799    717.8814       2561.78      45430.14       2    750.3800         0.0000       750.3800         100.0000
    123    0.1.6046      5  IonTrap     ms3     1439.38    202    976    603.0323         60.78        656.99       0    636.3300         0.0000       750.3800         100.0000
    124    0.1.6054      2  IonTrap     ms2     1441.27    214    800    717.9277       2436.02      42516.81       2    750.3800         0.0000       750.3800         100.0000
    125    0.1.6057      5  IonTrap     ms3     1441.94    202    999    619.3095         58.71        551.33       0    636.3300         0.0000       750.3800         100.0000
    126    0.1.6065      2  IonTrap     ms2     1443.94    218    800    717.5926       1443.95      40527.91       2    750.3800         0.0000       750.3800         100.0000
    127    0.1.6067      4  IonTrap     ms3     1444.41    227    998    619.3605         49.55        563.62       0    636.3300         0.0000       750.3800         100.0000
    128    0.1.6075      2  IonTrap     ms2     1446.39    212    799    741.1235       2167.40      43284.16       2    750.3800         0.0000       750.3800         100.0000
    129    0.1.6077      4  IonTrap     ms3     1446.80    259    988    618.4341         44.90        485.88       0    636.3300         0.0000       750.3800         100.0000
    130    0.1.6085      2  IonTrap     ms2     1448.72    210    800    741.0701       2827.29      50355.15       0    750.3800         0.0000       750.3800         100.0000
    131    0.1.6087      4  IonTrap     ms3     1449.14    226    961    618.2516         71.74        565.21       0    636.3300         0.0000       750.3800         100.0000
    132    0.1.6095      2  IonTrap     ms2     1451.12    215    799    741.0790       3023.30      59584.77       1    750.3800         0.0000       750.3800         100.0000
    133    0.1.6097      4  IonTrap     ms3     1451.54    226    927    603.1397         61.91        606.48       1    636.3300         0.0000       750.3800         100.0000
    134    0.1.6105      2  IonTrap     ms2     1453.50    213    800    741.1088       2602.17      59334.21       0    750.3800         0.0000       750.3800         100.0000
    135    0.1.6107      4  IonTrap     ms3     1453.94    202    986    587.8273         79.13        779.56       0    636.3300         0.0000       750.3800         100.0000
    136    0.1.6115      2  IonTrap     ms2     1455.92    211    800    741.0912       2623.50      59229.02       0    750.3800         0.0000       750.3800         100.0000
    137    0.1.6117      4  IonTrap     ms3     1456.36    240    952    618.3383         44.04        243.71       0    636.3300         0.0000       750.3800         100.0000
    138    0.1.6126      2  IonTrap     ms2     1458.63    212    799    738.2739       2184.90      58886.43       0    750.3800         0.0000       750.3800         100.0000
    139    0.1.6128      4  IonTrap     ms3     1459.09    244    899    626.6554         87.83        550.79       0    636.3300         0.0000       750.3800         100.0000
    140    0.1.6137      2  IonTrap     ms2     1461.41    212    799    741.1354       2178.47      51349.67       0    750.3800         0.0000       750.3800         100.0000
    141    0.1.6139      4  IonTrap     ms3     1461.90    208    900    626.5363        105.09        641.83       2    636.3300         0.0000       750.3800         100.0000
    142    0.1.6148      2  IonTrap     ms2     1464.23    199    800    741.1287       1945.85      48703.31       2    750.3800         0.0000       750.3800         100.0000
    143    0.1.6150      4  IonTrap     ms3     1464.72    226    991    601.3679         72.53        633.51       0    636.3300         0.0000       750.3800         100.0000
    144    0.1.6159      2  IonTrap     ms2     1467.07    211    799    741.1475       1620.63      47088.99       2    750.3800         0.0000       750.3800         100.0000
    145    0.1.6161      4  IonTrap     ms3     1467.56    226    973    626.5472         56.78        608.44       0    636.3300         0.0000       750.3800         100.0000
    146    0.1.6170      2  IonTrap     ms2     1469.92    212    799    741.2300       1921.76      50019.74       0    750.3800         0.0000       750.3800         100.0000
    147    0.1.6172      4  IonTrap     ms3     1470.41    235    946    626.7082         59.89        587.64       0    636.3300         0.0000       750.3800         100.0000
    148    0.1.6181      2  IonTrap     ms2     1472.76    213    799    741.1403       1540.32      41551.94       0    750.3800         0.0000       750.3800         100.0000
    149    0.1.6183      4  IonTrap     ms3     1473.25    214    945    607.2484         81.14        603.88       0    636.3300         0.0000       750.3800         100.0000
    150    0.1.6192      2  IonTrap     ms2     1475.61    211    800    741.0249       1713.93      46621.01       2    750.3800         0.0000       750.3800         100.0000
    151    0.1.6194      4  IonTrap     ms3     1476.10    299    911    607.3081         82.08        614.17       0    636.3300         0.0000       750.3800         100.0000
    152    0.1.6203      2  IonTrap     ms2     1478.46    210    800    741.3762       1687.05      48341.52       0    750.3800         0.0000       750.3800         100.0000
    153    0.1.6205      4  IonTrap     ms3     1478.94    217    992    607.3370         92.58        559.85       0    636.3300         0.0000       750.3800         100.0000
    154    0.1.6214      2  IonTrap     ms2     1481.31    210    800    741.0841       2106.04      45367.09       2    750.3800         0.0000       750.3800         100.0000
    155    0.1.6216      4  IonTrap     ms3     1481.79    226    993    626.3395         76.96        408.36       0    636.3300         0.0000       750.3800         100.0000
    156    0.1.6225      2  IonTrap     ms2     1484.16    213    799    740.9992       2017.80      48125.07       2    750.3800         0.0000       750.3800         100.0000
    157    0.1.6227      4  IonTrap     ms3     1484.65    218    898    607.4424         42.44        317.44       1    636.3300         0.0000       750.3800         100.0000
    158    0.1.6236      2  IonTrap     ms2     1487.01    211    800    741.0455       2818.51      62395.92       2    750.3800         0.0000       750.3800         100.0000
    159    0.1.6238      4  IonTrap     ms3     1487.50    293    927    626.5049         35.67        239.75       0    636.3300         0.0000       750.3800         100.0000
    160    0.1.6247      2  IonTrap     ms2     1489.85    213    800    725.5468       3153.30      63703.42       0    750.3800         0.0000       750.3800         100.0000
    161    0.1.6249      4  IonTrap     ms3     1490.33    227    946    617.2701         44.19        248.80       0    636.3300         0.0000       750.3800         100.0000
    162    0.1.6258      2  IonTrap     ms2     1492.69    210    799    725.5170       5703.92      84721.55       0    750.3800         0.0000       750.3800         100.0000
    163    0.1.6260      4  IonTrap     ms3     1493.18    181    984    984.0018         27.46        199.05       0    636.3300         0.0000       750.3800         100.0000
    164    0.1.6269      2  IonTrap     ms2     1495.54    198    800    725.6038       5006.75      75203.19       1    750.3800         0.0000       750.3800         100.0000
    165    0.1.6271      4  IonTrap     ms3     1496.03    226    833    736.6412         29.49        207.54       0    636.3300         0.0000       750.3800         100.0000
    166    0.1.6279      2  IonTrap     ms2     1498.13    217    800    725.6083       5056.18      78700.23       0    750.3800         0.0000       750.3800         100.0000
    167    0.1.6281      4  IonTrap     ms3     1498.61    244    887    620.4936         62.80        276.17       0    636.3300         0.0000       750.3800         100.0000
    168    0.1.6289      2  IonTrap     ms2     1500.71    211    799    725.6909       7495.32      86816.58       0    750.3800         0.0000       750.3800         100.0000
    169    0.1.6291      4  IonTrap     ms3     1501.19    181    900    573.4064         23.89        239.60       0    636.3300         0.0000       750.3800         100.0000
    170    0.1.6299      2  IonTrap     ms2     1503.27    210    800    725.6044       5656.71      81600.53       1    750.3800         0.0000       750.3800         100.0000
    171    0.1.6301      4  IonTrap     ms3     1503.75    285    908    712.6973         36.37        300.27       0    636.3300         0.0000       750.3800         100.0000
    172    0.1.6309      2  IonTrap     ms2     1505.83    211    800    725.6366       5241.84      80626.40       0    750.3800         0.0000       750.3800         100.0000
    173    0.1.6311      4  IonTrap     ms3     1506.33    226    774    619.3117         42.82        306.00       0    636.3300         0.0000       750.3800         100.0000
    174    0.1.6319      2  IonTrap     ms2     1508.40    211    800    725.5543       4227.94      77619.08       1    750.3800         0.0000       750.3800         100.0000
    175    0.1.6321      4  IonTrap     ms3     1508.89    269    966    599.8995         39.38        328.59       0    636.3300         0.0000       750.3800         100.0000
    176    0.1.6329      2  IonTrap     ms2     1510.97    212    800    725.5264       2952.15      72868.91       1    750.3800         0.0000       750.3800         100.0000
    177    0.1.6331      4  IonTrap     ms3     1511.45    228    901    617.1573         24.02        232.33       0    636.3300         0.0000       750.3800         100.0000
    178    0.1.6339      2  IonTrap     ms2     1513.53    211    800    725.5692       2592.64      67609.51       2    750.3800         0.0000       750.3800         100.0000
    179    0.1.6341      4  IonTrap     ms3     1514.02    218    748    619.7545         30.89        199.90       0    636.3300         0.0000       750.3800         100.0000
    180    0.1.6348      2  IonTrap     ms2     1515.81    216    800    725.5762       2146.95      61902.60       1    750.3800         0.0000       750.3800         100.0000
    181    0.1.6350      4  IonTrap     ms3     1516.30    234    917    625.8498         43.79        337.66       0    636.3300         0.0000       750.3800         100.0000
    182    0.1.6357      2  IonTrap     ms2     1518.08    198    800    741.1861       2122.43      67333.92       2    750.3800         0.0000       750.3800         100.0000
    183    0.1.6359      4  IonTrap     ms3     1518.57    263    942    506.1303         17.35        194.31       0    636.3300         0.0000       750.3800         100.0000
    184    0.1.6366      2  IonTrap     ms2     1520.33    214    800    741.3885       2196.02      62137.10       0    750.3800         0.0000       750.3800         100.0000
    185    0.1.6368      4  IonTrap     ms3     1520.82    244    908    713.3642         35.06        283.62       0    636.3300         0.0000       750.3800         100.0000
    186    0.1.6375      2  IonTrap     ms2     1522.56    199    799    741.3293       2634.21      57503.87       2    750.3800         0.0000       750.3800         100.0000
    187    0.1.6377      4  IonTrap     ms3     1523.05    234    786    590.7772         25.86        159.39       0    636.3300         0.0000       750.3800         100.0000
    188    0.1.6384      2  IonTrap     ms2     1524.78    213    800    741.1786       1890.36      52186.39       2    750.3800         0.0000       750.3800         100.0000
    189    0.1.6386      4  IonTrap     ms3     1525.27    252    627    547.5764         19.03        130.59       1    636.3300         0.0000       750.3800         100.0000
    190    0.1.6393      2  IonTrap     ms2     1527.02    212    799    741.2133       2337.46      53090.63       2    750.3800         0.0000       750.3800         100.0000
    191    0.1.6395      4  IonTrap     ms3     1527.51    260    868    868.2302         21.49        190.20       0    636.3300         0.0000       750.3800         100.0000
    192    0.1.6402      2  IonTrap     ms2     1529.24    213    799    741.1926       2145.53      51809.46       2    750.3800         0.0000       750.3800         100.0000
    193    0.1.6404      4  IonTrap     ms3     1529.73    235    727    378.0551         34.35        206.63       0    636.3300         0.0000       750.3800         100.0000
    194    0.1.6411      2  IonTrap     ms2     1531.47    212    799    741.4254       1745.29      52988.40       0    750.3800         0.0000       750.3800         100.0000
    195    0.1.6413      4  IonTrap     ms3     1531.96    227    941    571.3303         31.52        323.76       0    636.3300         0.0000       750.3800         100.0000
    196    0.1.6420      2  IonTrap     ms2     1533.69    219    799    741.4978       1476.86      55680.43       1    750.3800         0.0000       750.3800         100.0000
    197    0.1.6422      4  IonTrap     ms3     1534.17    260    673    609.3499         33.20        253.87       0    636.3300         0.0000       750.3800         100.0000
    198    0.1.6429      2  IonTrap     ms2     1535.91    213    800    741.0757       1734.53      62879.29       2    750.3800         0.0000       750.3800         100.0000
    199    0.1.6431      4  IonTrap     ms3     1536.40    222    753    609.3654         18.17        169.83       0    636.3300         0.0000       750.3800         100.0000
    200    0.1.6438      2  IonTrap     ms2     1538.15    213    799    741.2046       1885.24      70590.47       0    750.3800         0.0000       750.3800         100.0000
    201    0.1.6440      4  IonTrap     ms3     1538.64    364    915    915.3384         26.14        227.37       0    636.3300         0.0000       750.3800         100.0000
    202    0.1.6447      2  IonTrap     ms2     1540.39    212    799    799.3152       2089.68      66423.64       0    750.3800         0.0000       750.3800         100.0000
    203    0.1.6449      4  IonTrap     ms3     1540.88    269    824    618.1321         61.68        267.06       1    636.3300         0.0000       750.3800         100.0000
    204    0.1.6456      2  IonTrap     ms2     1542.64    212    800    799.2684       2689.05      72478.08       0    750.3800         0.0000       750.3800         100.0000
    205    0.1.6458      4  IonTrap     ms3     1543.13    248    907    765.7397         46.63        356.60       0    636.3300         0.0000       750.3800         100.0000
    206    0.1.6465      2  IonTrap     ms2     1544.89    197    800    799.3301       2100.79      68876.71       0    750.3800         0.0000       750.3800         100.0000
    207    0.1.6467      4  IonTrap     ms3     1545.38    244    737    674.8150         41.58        228.97       0    636.3300         0.0000       750.3800         100.0000
    208    0.1.6474      2  IonTrap     ms2     1547.17    211    800    799.2464       2558.66      73113.38       0    750.3800         0.0000       750.3800         100.0000
    209    0.1.6476      4  IonTrap     ms3     1547.66    212    802    627.0803         43.84        275.51       0    636.3300         0.0000       750.3800         100.0000
    210    0.1.6483      2  IonTrap     ms2     1549.45    198    799    799.2485       2123.88      70871.41       0    750.3800         0.0000       750.3800         100.0000
    211    0.1.6485      4  IonTrap     ms3     1549.94    216    971    619.4083         42.33        253.84       0    636.3300         0.0000       750.3800         100.0000
    212    0.1.6492      2  IonTrap     ms2     1551.74    212    799    741.1956       2445.34      72017.41       0    750.3800         0.0000       750.3800         100.0000
    213    0.1.6494      4  IonTrap     ms3     1552.22    239    905    727.1227         38.34        327.28       0    636.3300         0.0000       750.3800         100.0000
    214    0.1.6501      2  IonTrap     ms2     1554.01    216    799    741.2150       2334.92      68357.23       2    750.3800         0.0000       750.3800         100.0000
    215    0.1.6503      4  IonTrap     ms3     1554.49    243    913    571.1125         38.92        441.66       0    636.3300         0.0000       750.3800         100.0000
    216    0.1.6511      2  IonTrap     ms2     1556.57    211    800    741.2661       2646.42      61984.22       2    750.3800         0.0000       750.3800         100.0000
    217    0.1.6513      4  IonTrap     ms3     1557.06    288    851    803.9832         43.41        231.03       0    636.3300         0.0000       750.3800         100.0000
    218    0.1.6521      2  IonTrap     ms2     1559.13    210    799    741.0807       1823.91      56850.43       2    750.3800         0.0000       750.3800         100.0000
    219    0.1.6523      4  IonTrap     ms3     1559.62    277    801    522.9443         41.00        264.09       0    636.3300         0.0000       750.3800         100.0000
    220    0.1.6531      2  IonTrap     ms2     1561.68    214    800    741.0776       2067.93      66201.14       2    750.3800         0.0000       750.3800         100.0000
    221    0.1.6533      4  IonTrap     ms3     1562.16    215    972    618.3687         36.62        306.98       0    636.3300         0.0000       750.3800         100.0000
    222    0.1.6541      4  IonTrap     ms3     1564.11    240    962    669.1860         57.02        316.74       0    636.3300         0.0000       750.3800         100.0000
    223    0.1.6549      4  IonTrap     ms3     1566.04    196    861    542.0731         40.95        326.63       0    636.3300         0.0000       750.3800         100.0000
    224    0.1.6557      4  IonTrap     ms3     1567.97    213    997    507.2817         39.18        347.08       0    636.3300         0.0000       750.3800         100.0000
    225    0.1.6565      4  IonTrap     ms3     1569.87    242    989    613.8399         35.65        283.44       0    636.3300         0.0000       750.3800         100.0000
    226    0.1.6573      4  IonTrap     ms3     1571.77    226    808    563.3484         42.98        319.65       0    636.3300         0.0000       750.3800         100.0000
    227    0.1.6581      4  IonTrap     ms3     1573.65    257    947    591.5223         81.17        476.80       0    636.3300         0.0000       750.3800         100.0000
    228    0.1.6589      4  IonTrap     ms3     1575.54    212    990    612.1409         62.95        557.06       0    636.3300         0.0000       750.3800         100.0000
    229    0.1.6597      4  IonTrap     ms3     1577.42    299    912    624.7159         41.29        318.79       0    636.3300         0.0000       750.3800         100.0000
    230    0.1.6605      4  IonTrap     ms3     1579.27    200    847    616.2884         40.70        648.14       0    636.3300         0.0000       750.3800         100.0000
    231    0.1.6613      4  IonTrap     ms3     1581.15    235    829    606.2899         57.85        566.58       0    636.3300         0.0000       750.3800         100.0000
    232    0.1.6621      4  IonTrap     ms3     1583.01    208    915    618.1616         37.88        385.04       0    636.3300         0.0000       750.3800         100.0000
    233    0.1.6629      4  IonTrap     ms3     1584.88    272    946    603.2548         32.06        498.96       1    636.3300         0.0000       750.3800         100.0000
    234    0.1.6637      4  IonTrap     ms3     1586.74    260    914    618.3951         51.91        687.52       0    636.3300         0.0000       750.3800         100.0000
    235    0.1.6645      4  IonTrap     ms3     1588.62    355    959    606.3657         47.75        459.18       0    636.3300         0.0000       750.3800         100.0000
    236    0.1.6653      4  IonTrap     ms3     1590.50    221    914    618.5811         37.20        471.96       0    636.3300         0.0000       750.3800         100.0000
    237    0.1.6661      4  IonTrap     ms3     1592.39    198    959    604.0327         31.97        450.91       0    636.3300         0.0000       750.3800         100.0000
    238    0.1.6669      4  IonTrap     ms3     1594.27    185    959    913.4639         40.19        559.87       0    636.3300         0.0000       750.3800         100.0000
    239    0.1.6677      4  IonTrap     ms3     1596.18    209    960    626.0951         51.43        586.66       0    636.3300         0.0000       750.3800         100.0000
    240    0.1.6685      4  IonTrap     ms3     1598.02    216    987    624.3143         50.05        933.48       0    636.3300         0.0000       750.3800         100.0000
    241    0.1.6693      4  IonTrap     ms3     1599.78    194    986    608.2141         51.20        759.42       1    636.3300         0.0000       750.3800         100.0000
    242    0.1.6701      4  IonTrap     ms3     1601.53    259    999    618.3093         63.52        493.44       1    636.3300         0.0000       750.3800         100.0000
    243    0.1.6709      4  IonTrap     ms3     1603.29    238    930    838.9518         41.59        607.45       0    636.3300         0.0000       750.3800         100.0000
    244    0.1.6717      4  IonTrap     ms3     1605.06    278    988    618.2042         70.33        478.03       0    636.3300         0.0000       750.3800         100.0000
    245    0.1.6725      4  IonTrap     ms3     1606.84    187    920    626.7156         62.03        451.63       1    636.3300         0.0000       750.3800         100.0000
    246    0.1.6733      4  IonTrap     ms3     1608.66    222    816    567.4374         57.36        480.95       0    636.3300         0.0000       750.3800         100.0000
    247    0.1.6741      4  IonTrap     ms3     1610.49    331    945    579.7853         46.12        340.93       0    636.3300         0.0000       750.3800         100.0000
    248    0.1.6749      4  IonTrap     ms3     1612.37    278    987    607.1213         46.46        661.54       0    636.3300         0.0000       750.3800         100.0000
    249    0.1.6757      4  IonTrap     ms3     1614.26    244    950    607.2602         34.74        660.30       0    636.3300         0.0000       750.3800         100.0000
    250    0.1.6766      4  IonTrap     ms3     1616.40    260    886    609.3134         28.73        513.42       0    636.3300         0.0000       750.3800         100.0000
    251    0.1.6774      4  IonTrap     ms3     1618.32    214    931    744.6279         39.67        404.32       0    636.3300         0.0000       750.3800         100.0000
    252    0.1.6782      4  IonTrap     ms3     1620.22    197    929    696.3316         40.52        538.14       0    636.3300         0.0000       750.3800         100.0000
    253    0.1.6790      4  IonTrap     ms3     1622.11    187    944    663.6121         47.42        742.69       0    636.3300         0.0000       750.3800         100.0000
    254    0.1.6798      4  IonTrap     ms3     1624.02    305    907    607.2642         62.44        471.45       0    636.3300         0.0000       750.3800         100.0000
    255    0.1.6806      4  IonTrap     ms3     1625.93    301    944    628.3636         40.31        476.09       0    636.3300         0.0000       750.3800         100.0000
    256    0.1.6814      4  IonTrap     ms3     1627.89    192    944    749.7599         60.33        730.68       0    636.3300         0.0000       750.3800         100.0000
    257    0.1.6822      4  IonTrap     ms3     1629.84    212    945    542.3741         26.26        411.12       0    636.3300         0.0000       750.3800         100.0000
    258    0.1.6830      4  IonTrap     ms3     1631.82    181    962    617.9402         36.27        599.50       0    636.3300         0.0000       750.3800         100.0000
    259    0.1.6838      4  IonTrap     ms3     1633.77    233    990    617.4151         69.63        733.59       0    636.3300         0.0000       750.3800         100.0000
    260    0.1.6846      4  IonTrap     ms3     1635.74    259    994    961.5396         47.62        563.52       0    636.3300         0.0000       750.3800         100.0000
    261    0.1.6854      4  IonTrap     ms3     1637.71    264    973    619.3942         42.91        777.64       0    636.3300         0.0000       750.3800         100.0000
    262    0.1.6862      4  IonTrap     ms3     1639.68    228    961    627.3972         67.29        631.03       1    636.3300         0.0000       750.3800         100.0000
    263    0.1.6870      4  IonTrap     ms3     1641.64    187    970    961.5016         66.09        709.69       0    636.3300         0.0000       750.3800         100.0000
    264    0.1.6878      4  IonTrap     ms3     1643.59    185    978    816.4415         34.21        586.31       1    636.3300         0.0000       750.3800         100.0000
    265    0.1.6886      4  IonTrap     ms3     1645.57    200    961    960.5047         51.85        763.42       1    636.3300         0.0000       750.3800         100.0000
    266    0.1.6894      4  IonTrap     ms3     1647.50    204    969    612.0529         40.61        912.74       0    636.3300         0.0000       750.3800         100.0000
    267    0.1.6902      4  IonTrap     ms3     1649.45    186    964    627.1664         80.04       1054.09       0    636.3300         0.0000       750.3800         100.0000
    268    0.1.6910      4  IonTrap     ms3     1651.39    204    961    626.8672        139.89       1055.68       0    636.3300         0.0000       750.3800          90.1865
    269    0.1.6918      4  IonTrap     ms3     1653.30    183    980    626.6509         63.95       1111.67       0    636.3300         0.0000       750.3800          92.7733
    270    0.1.6926      4  IonTrap     ms3     1655.27    201    966    785.0104        118.70       1362.83       0    636.3300         0.0000       750.3800         100.0000
    271    0.1.6934      4  IonTrap     ms3     1657.22    185    961    665.7492         67.28        989.23       0    636.3300         0.0000       750.3800         100.0000
    272    0.1.6942      4  IonTrap     ms3     1659.20    216    966    960.4106         42.99        799.44       0    636.3300         0.0000       750.3800         100.0000
    273    0.1.6950      4  IonTrap     ms3     1661.15    186    966    513.2168         38.46        669.19       0    636.3300         0.0000       750.3800         100.0000
    274    0.1.6958      4  IonTrap     ms3     1663.10    204    960    619.2970         53.10        889.35       0    636.3300         0.0000       750.3800         100.0000
    275    0.1.6966      4  IonTrap     ms3     1665.05    200    961    625.3641         43.29        743.36       1    636.3300         0.0000       750.3800         100.0000
    276    0.1.6974      4  IonTrap     ms3     1667.03    224    962    670.6693         49.54        629.58       0    636.3300         0.0000       750.3800         100.0000
    277    0.1.6982      4  IonTrap     ms3     1669.03    206    930    605.4398         25.36        414.47       0    636.3300         0.0000       750.3800         100.0000
    278    0.1.6990      4  IonTrap     ms3     1671.03    200    947    627.4963         38.95        492.55       0    636.3300         0.0000       750.3800         100.0000
    279    0.1.6998      4  IonTrap     ms3     1673.03    199    945    490.7805         49.58        454.69       0    636.3300         0.0000       750.3800         100.0000
    280    0.1.7006      4  IonTrap     ms3     1675.05    273    930    618.4700         28.73        234.56       0    636.3300         0.0000       750.3800         100.0000
    281    0.1.7014      4  IonTrap     ms3     1677.02    336    897    592.6126         51.36        680.28       0    636.3300         0.0000       750.3800         100.0000
    282    0.1.7022      4  IonTrap     ms3     1678.99    190    996    567.7669         25.49        356.55       0    636.3300         0.0000       750.3800         100.0000
    283    0.1.7030      4  IonTrap     ms3     1680.95    215    998    473.1118         33.07        538.15       0    636.3300         0.0000       750.3800         100.0000
    284    0.1.7038      4  IonTrap     ms3     1682.90    202    984    580.2534         33.24        365.27       0    636.3300         0.0000       750.3800         100.0000
    285    0.1.7046      4  IonTrap     ms3     1684.87    197    932    619.1080         31.26        193.98       0    636.3300         0.0000       750.3800         100.0000
    286    0.1.7054      4  IonTrap     ms3     1686.82    271    893    590.0819         23.13        395.70       0    636.3300         0.0000       750.3800         100.0000
    287    0.1.7062      4  IonTrap     ms3     1688.77    232    919    628.7853         26.02        361.80       0    636.3300         0.0000       750.3800         100.0000
    288    0.1.7070      4  IonTrap     ms3     1690.74    199    946    584.2664         34.18        374.03       0    636.3300         0.0000       750.3800         100.0000
    289    0.1.7078      4  IonTrap     ms3     1692.72    245    981    627.9735         58.91        380.27       0    636.3300         0.0000       750.3800         100.0000
    290    0.1.7086      4  IonTrap     ms3     1694.71    181    944    449.3583         44.73        547.30       0    636.3300         0.0000       750.3800         100.0000
    291    0.1.7094      4  IonTrap     ms3     1696.68    200    963    713.1569         38.26        321.58       0    636.3300         0.0000       750.3800         100.0000
    292    0.1.7101      4  IonTrap     ms3     1698.38    211    909    627.1738         48.17        457.35       0    636.3300         0.0000       750.3800         100.0000
    293    0.1.7108      4  IonTrap     ms3     1700.10    295    843    585.8147         44.99        318.40       0    636.3300         0.0000       750.3800         100.0000
    294    0.1.7115      4  IonTrap     ms3     1701.82    221    982    618.3865         34.83        367.03       1    636.3300         0.0000       750.3800         100.0000
    295    0.1.7122      4  IonTrap     ms3     1703.53    215    746    627.5432         51.79        444.99       0    636.3300         0.0000       750.3800         100.0000
    296    0.1.7129      4  IonTrap     ms3     1705.25    189    963    599.6033         33.24        393.21       0    636.3300         0.0000       750.3800         100.0000
    297    0.1.7136      4  IonTrap     ms3     1706.99    199    927    620.4244         32.63        267.01       0    636.3300         0.0000       750.3800         100.0000
    298    0.1.7143      4  IonTrap     ms3     1708.73    227    997    523.2119         22.38        305.23       0    636.3300         0.0000       750.3800         100.0000
    299    0.1.7150      4  IonTrap     ms3     1710.47    255    748    609.3029         41.96        385.28       0    636.3300         0.0000       750.3800         100.0000
    300    0.1.7157      4  IonTrap     ms3     1712.19    212    770    623.2723         41.34        364.59       0    636.3300         0.0000       750.3800         100.0000
    301    0.1.7164      4  IonTrap     ms3     1713.94    230    872    609.3096         71.82        560.20       0    636.3300         0.0000       750.3800         100.0000
    302    0.1.7171      4  IonTrap     ms3     1715.62    233    891    619.3794         71.47        507.20       0    636.3300         0.0000       750.3800         100.0000
    303    0.1.7178      4  IonTrap     ms3     1717.30    186    909    376.2386         48.31        621.15       1    636.3300         0.0000       750.3800         100.0000
    304    0.1.7185      4  IonTrap     ms3     1719.02    202    783    606.7132         46.90        494.92       0    636.3300         0.0000       750.3800         100.0000
    305    0.1.7192      4  IonTrap     ms3     1720.74    248    916    609.3408         43.84        468.20       0    636.3300         0.0000       750.3800         100.0000
    306    0.1.7199      4  IonTrap     ms3     1722.46    213    921    619.3337         62.99        439.36       1    636.3300         0.0000       750.3800         100.0000
    307    0.1.7206      4  IonTrap     ms3     1724.18    233    912    608.0164         80.33        476.39       0    636.3300         0.0000       750.3800         100.0000
    308    0.1.7213      4  IonTrap     ms3     1725.90    258    877    609.3546         30.41        472.13       0    636.3300         0.0000       750.3800         100.0000
    309    0.1.7220      4  IonTrap     ms3     1727.64    227    995    608.5790         34.44        347.59       0    636.3300         0.0000       750.3800         100.0000
    310    0.1.7227      4  IonTrap     ms3     1729.39    233    736    618.4831         51.00        280.54       0    636.3300         0.0000       750.3800         100.0000
    311    0.1.7234      4  IonTrap     ms3     1731.13    259    778    609.5774         68.67        438.57       0    636.3300         0.0000       750.3800         100.0000
    312    0.1.7241      4  IonTrap     ms3     1732.87    211    897    596.9647         30.74        437.61       0    636.3300         0.0000       750.3800         100.0000
    313    0.1.7247      4  IonTrap     ms3     1734.32    239    877    607.4487         30.46        491.93       1    636.3300         0.0000       750.3800         100.0000
    314    0.1.7253      4  IonTrap     ms3     1735.78    194    959    558.8703         33.49        492.81       0    636.3300         0.0000       750.3800         100.0000
    315    0.1.7259      4  IonTrap     ms3     1737.24    197    955    516.3396         65.81        703.23       0    636.3300         0.0000       750.3800         100.0000
    316    0.1.7265      4  IonTrap     ms3     1738.70    197    998    627.6505         59.98        733.50       0    636.3300         0.0000       750.3800         100.0000
    317    0.1.7271      4  IonTrap     ms3     1740.16    200    966    627.8695         71.10        790.35       0    636.3300         0.0000       750.3800         100.0000
